63 57
100000000000000000000000000000000000000000000000000000000111111
010000000000000000000000000000000000000000000000000000000111110
001000000000000000000000000000000000000000000000000000000111101
000100000000000000000000000000000000000000000000000000000111100
000010000000000000000000000000000000000000000000000000000110111
000001000000000000000000000000000000000000000000000000000110110
000000100000000000000000000000000000000000000000000000000110101
000000010000000000000000000000000000000000000000000000000110100
000000001000000000000000000000000000000000000000000000000101111
000000000100000000000000000000000000000000000000000000000101110
000000000010000000000000000000000000000000000000000000000101101
000000000001000000000000000000000000000000000000000000000101100
000000000000100000000000000000000000000000000000000000000100111
000000000000010000000000000000000000000000000000000000000100110
000000000000001000000000000000000000000000000000000000000100101
000000000000000100000000000000000000000000000000000000000100100
000000000000000010000000000000000000000000000000000000000111011
000000000000000001000000000000000000000000000000000000000111010
000000000000000000100000000000000000000000000000000000000111001
000000000000000000010000000000000000000000000000000000000111000
000000000000000000001000000000000000000000000000000000000110011
000000000000000000000100000000000000000000000000000000000110010
000000000000000000000010000000000000000000000000000000000110001
000000000000000000000001000000000000000000000000000000000110000
000000000000000000000000100000000000000000000000000000000101011
000000000000000000000000010000000000000000000000000000000101010
000000000000000000000000001000000000000000000000000000000101001
000000000000000000000000000100000000000000000000000000000101000
000000000000000000000000000010000000000000000000000000000100011
000000000000000000000000000001000000000000000000000000000100010
000000000000000000000000000000100000000000000000000000000100001
000000000000000000000000000000010000000000000000000000000011111
000000000000000000000000000000001000000000000000000000000011110
000000000000000000000000000000000100000000000000000000000011101
000000000000000000000000000000000010000000000000000000000011100
000000000000000000000000000000000001000000000000000000000010111
000000000000000000000000000000000000100000000000000000000010110
000000000000000000000000000000000000010000000000000000000010101
000000000000000000000000000000000000001000000000000000000010100
000000000000000000000000000000000000000100000000000000000001111
000000000000000000000000000000000000000010000000000000000001110
000000000000000000000000000000000000000001000000000000000001101
000000000000000000000000000000000000000000100000000000000001100
000000000000000000000000000000000000000000010000000000000000111
000000000000000000000000000000000000000000001000000000000000110
000000000000000000000000000000000000000000000100000000000000101
000000000000000000000000000000000000000000000010000000000011011
000000000000000000000000000000000000000000000001000000000011010
000000000000000000000000000000000000000000000000100000000011001
000000000000000000000000000000000000000000000000010000000011000
000000000000000000000000000000000000000000000000001000000010011
000000000000000000000000000000000000000000000000000100000010010
000000000000000000000000000000000000000000000000000010000010001
000000000000000000000000000000000000000000000000000001000001011
000000000000000000000000000000000000000000000000000000100001010
000000000000000000000000000000000000000000000000000000010001001
000000000000000000000000000000000000000000000000000000001000011
1 2 3 4 5 6 7 8 9 10 11 12 13 14 15 16 17 18 19 20 21 22 23 24 25 26 27 28 29 30 31 33 34 35 36 37 38 39 40 41 42 43 44 45 46 47 49 50 51 52 53 54 55 57 58 59 61 32 56 60 48 62 63