31 16
1000000000000000111111111111111
0100000000000000111101000100000
0010000000000000110110100010000
0001000000000000110100011001000
0000100000000000011011100000100
0000010000000000011001011000010
0000001000000000010010111000001
0000000100000000101010000110100
0000000010000000101000001101010
0000000001000000100010001011001
0000000000100000001010001000111
0000000000010000000101100110100
0000000000001000000101010101010
0000000000000100000100110011001
0000000000000010000001110000111
0000000000000001000000000111111
1 2 3 4 5 6 7 9 10 11 13 17 18 19 21 25 12 8 14 20 15 22 23 24 16 26 27 28 29 30 31