31 21
1000000000000000000001110110100
0100000000000000000000111011010
0010000000000000000000011101101
0001000000000000000001111000010
0000100000000000000000111100001
0000010000000000000001101000100
0000001000000000000000110100010
0000000100000000000000011010001
0000000010000000000001111011100
0000000001000000000000111101110
0000000000100000000000011110111
0000000000010000000001111001111
0000000000001000000001001010011
0000000000000100000001010011101
0000000000000010000001011111010
0000000000000001000000101111101
0000000000000000100001100001010
0000000000000000010000110000101
0000000000000000001001101110110
0000000000000000000100110111011
0000000000000000000011101101001
1 2 3 4 5 6 7 8 9 10 11 12 13 14 15 16 17 18 19 20 21 22 23 24 25 26 27 28 29 30 31